           1  atom
  1.0000  0.0000  0.0000
  0.0000  1.0000  0.0000
  0.0000  0.0000  1.0000
           2  atom
  0.0000 -1.0000  0.0000
  1.0000 -1.0000  0.0000
  0.0000  0.0000  1.0000
           3  atom
 -1.0000  1.0000  0.0000
 -1.0000  0.0000  0.0000
  0.0000  0.0000  1.0000
           4  atom
  1.0000  0.0000  0.0000
  0.0000  1.0000  0.0000
  0.0000  0.0000  1.0000
           5  atom
  1.0000  0.0000  0.0000
  0.0000  1.0000  0.0000
  0.0000  0.0000  1.0000
           6  atom
 -1.0000  0.0000  0.0000
  0.0000 -1.0000  0.0000
  0.0000  0.0000  1.0000
           7  atom
 -1.0000  0.0000  0.0000
  0.0000 -1.0000  0.0000
  0.0000  0.0000 -1.0000
           8  atom
  1.0000  0.0000  0.0000
  0.0000  1.0000  0.0000
  0.0000  0.0000 -1.0000
           9  atom
  1.0000  0.0000  0.0000
  0.0000  1.0000  0.0000
  0.0000  0.0000  1.0000
          10  atom
  1.0000  0.0000  0.0000
  0.0000  1.0000  0.0000
  0.0000  0.0000  1.0000
          11  atom
  0.0000 -1.0000  0.0000
  1.0000 -1.0000  0.0000
  0.0000  0.0000  1.0000
          12  atom
 -1.0000  1.0000  0.0000
 -1.0000  0.0000  0.0000
  0.0000  0.0000  1.0000
           1           1           1  jat,kat,jatom, second
LOCAL ROT MATRIX:    0.8660254 0.5000000 0.0000000
                    -0.5000000 0.8660254 0.0000000
                     0.0000000 0.0000000 1.0000000
           2           1           2  jat,kat,jatom, second
LOCAL ROT MATRIX:    1.0000000 0.0000000 0.0000000
                     0.0000000 1.0000000 0.0000000
                     0.0000000 0.0000000 1.0000000
           3           1           3  jat,kat,jatom, second
LOCAL ROT MATRIX:    1.0000000 0.0000000 0.0000000
                     0.0000000 1.0000000 0.0000000
                     0.0000000 0.0000000 1.0000000
           4           1           4  jat,kat,jatom, second
LOCAL ROT MATRIX:    1.0000000 0.0000000 0.0000000
                     0.0000000 1.0000000 0.0000000
                     0.0000000 0.0000000 1.0000000
           5           1           5  jat,kat,jatom, second
LOCAL ROT MATRIX:    0.8660254 0.5000000 0.0000000
                    -0.5000000 0.8660254 0.0000000
                     0.0000000 0.0000000 1.0000000
